98,28
98,27
98,26
98,25
98,24
98,23
98,22
98,21
98,20
98,19
98,18
98,17
98,16
98,15
98,14
98,13
98,12
98,11
98,10
98,9
98,8
98,7
98,6
98,5
98,4
98,3
98,2
98,1
98,0
96,7
97,5
97,4
97,3
97,2
97,1
97,0
96,6
96,5
96,4
96,3
96,2
96,1
96,0
95,6
95,5
95,4
95,3
95,2
95,1
95,0
94,3
94,2
94,1
94,0
93,6
93,5
93,4
93,3
93,2
93,1
93,0
92,7
92,6
92,5
92,4
92,3
92,2
92,1
92,0
91,6
91,5
91,4
91,3
91,2
91,1
91,0
90,3
90,2
90,1
90,0
89,5
89,4
89,3
89,2
89,1
89,0
85,12
0,444
0,443
88,4
88,3
88,2
88,1
88,0
0,442
87,4
87,3
87,2
87,1
87,0
86,3
86,2
86,1
86,0
85,11
85,10
85,9
85,8
85,7
85,6
85,5
85,4
85,3
85,2
85,1
85,0
84,5
84,4
84,3
84,2
84,1
84,0
2,21
83,5
83,4
83,3
83,2
83,1
83,0
0,441
82,5
82,4
82,3
82,2
82,1
82,0
0,440
81,4
81,3
81,2
81,1
81,0
0,439
80,4
80,3
80,2
80,1
80,0
2,20
79,8
79,7
79,6
79,5
79,4
79,3
79,2
79,1
79,0
2,19
78,4
78,3
78,2
78,1
78,0
77,4
77,3
77,2
77,1
77,0
2,18
76,4
76,3
76,2
76,1
76,0
75,6
75,5
75,4
75,3
75,2
75,1
75,0
74,6
74,5
0,438
0,437
74,4
74,3
74,2
74,1
74,0
73,8
73,7
73,6
0,436
73,5
73,4
73,3
73,2
73,1
73,0
72,3
72,2
72,1
72,0
71,6
71,5
71,4
71,3
71,2
71,1
71,0
70,4
70,3
70,2
70,1
70,0
69,5
69,4
69,3
69,2
69,1
69,0
68,4
68,3
68,2
68,1
68,0
67,9
67,8
67,7
67,6
67,5
67,4
67,3
67,2
67,1
67,0
66,4
66,3
66,2
66,1
66,0
65,3
65,2
65,1
65,0
64,4
64,3
64,2
64,1
64,0
0,435
63,7
63,6
63,5
63,4
63,3
63,2
63,1
63,0
0,434
62,8
62,7
62,6
62,5
62,4
62,3
62,2
62,1
62,0
61,4
61,3
61,2
61,1
61,0
60,6
60,5
60,4
60,3
60,2
60,1
60,0
0,432
2,17
2,16
59,18
59,17
59,16
59,15
59,14
59,13
59,12
59,11
59,10
59,9
59,8
59,7
59,6
59,5
59,4
59,3
59,2
59,1
59,0
2,15
58,7
58,6
58,5
58,4
58,3
58,2
58,1
58,0
2,14
57,4
57,3
57,2
57,1
57,0
56,7
56,6
56,5
56,4
56,3
56,2
56,1
56,0
55,4
55,3
55,2
55,1
55,0
0,431
54,7
0,430
54,6
54,5
54,4
54,3
54,2
54,1
54,0
2,13
53,9
53,8
53,7
53,6
53,5
53,4
53,3
53,2
53,1
53,0
0,428
52,7
52,6
52,5
52,4
52,3
52,2
52,1
52,0
2,12
51,6
51,5
51,4
51,3
51,2
51,1
51,0
0,427
50,9
0,426
0,425
50,8
50,7
50,6
50,5
50,4
50,3
50,2
50,1
50,0
0,424
49,6
49,5
49,4
49,3
49,2
49,1
49,0
48,14
48,13
48,12
48,11
48,10
48,9
48,8
48,7
48,6
48,5
48,4
48,3
48,2
48,1
48,0
0,423
0,422
47,28
0,421
41,4
2,11
36,7
47,27
47,26
47,25
47,24
47,23
2,10
47,22
0,420
0,419
47,21
0,418
0,417
0,416
47,20
0,415
0,414
47,19
47,18
47,17
47,16
47,15
47,14
47,13
47,12
47,11
47,10
47,9
47,8
47,7
47,6
47,5
47,4
47,3
47,2
47,1
47,0
0,413
0,412
0,411
46,7
46,6
46,5
46,4
46,3
46,2
46,1
46,0
0,410
45,7
45,6
45,5
45,4
45,3
45,2
45,1
45,0
0,408
2,9
0,407
44,8
44,7
44,6
44,5
44,4
44,3
44,2
44,1
44,0
0,405
43,7
43,6
43,5
43,4
43,3
43,2
43,1
43,0
0,404
0,403
42,7
42,6
42,5
42,4
42,3
42,2
42,1
42,0
0,402
0,401
41,3
41,2
41,1
41,0
0,400
0,399
40,3
40,2
40,1
40,0
0,398
0,397
39,7
39,6
39,5
39,4
39,3
39,2
39,1
39,0
0,396
0,395
0,394
0,393
38,4
38,3
38,2
38,1
38,0
0,392
0,391
37,5
37,4
37,3
37,2
37,1
37,0
0,390
0,389
36,6
36,5
36,4
36,3
36,2
36,1
36,0
0,387
0,386
0,385
0,383
0,381
2,8
0,380
0,379
34,17
0,378
0,377
35,5
35,4
35,3
35,2
35,1
35,0
0,376
2,7
0,375
34,16
34,15
34,14
34,13
34,12
34,11
34,10
34,9
34,8
34,7
34,6
34,5
34,4
34,3
34,2
34,1
34,0
0,374
0,373
33,7
33,6
33,5
33,4
33,3
33,2
33,1
33,0
0,372
2,6
0,371
32,7
32,6
32,5
32,4
32,3
32,2
32,1
32,0
0,370
0,369
31,4
31,3
31,2
31,1
31,0
0,368
0,367
0,366
30,8
0,365
0,364
30,7
30,6
30,5
30,4
30,3
30,2
30,1
30,0
0,363
0,362
29,3
29,2
29,1
29,0
0,361
0,360
28,6
28,5
28,4
28,3
28,2
28,1
28,0
0,359
0,358
27,5
27,4
27,3
27,2
27,1
27,0
0,357
0,356
26,4
26,3
26,2
26,1
26,0
0,355
0,354
25,5
25,4
25,3
25,2
25,1
25,0
0,353
0,352
24,3
24,2
24,1
24,0
0,351
0,350
0,349
0,348
21,6
0,347
2,5
2,1
2,2
2,0
0,346
23,4
23,3
23,2
23,1
23,0
0,345
0,344
22,3
22,2
22,1
22,0
0,343
0,342
21,5
21,4
21,3
21,2
21,1
21,0
0,341
0,340
20,3
20,2
20,1
20,0
0,339
0,338
19,5
19,4
19,3
19,2
19,1
19,0
0,337
0,336
18,3
18,2
18,1
18,0
0,335
0,334
17,3
17,2
17,1
17,0
0,333
0,332
16,3
16,2
16,1
16,0
0,331
0,330
15,4
15,3
15,2
15,1
15,0
0,329
0,328
14,3
14,2
14,1
14,0
0,327
0,326
13,5
13,4
13,3
13,2
13,1
13,0
0,325
0,324
0,323
12,3
12,2
12,1
12,0
0,322
0,321
11,3
11,2
11,1
11,0
0,320
0,319
10,3
10,2
10,1
10,0
0,318
0,317
9,4
9,3
9,2
9,1
9,0
0,316
0,315
8,4
8,3
8,2
8,1
8,0
0,314
0,313
7,7
7,6
7,5
7,4
7,3
7,2
7,1
7,0
0,312
0,243
0,0
6,7
6,6
6,5
6,4
6,3
6,2
6,1
6,0
5,3
5,2
5,1
5,0
4,3
2,3
1,3
0,9
0,1
0,300
0,299
0,298
0,297
0,296
0,295
0,294
0,293
0,292
0,291
0,290
0,289
0,288
0,287
0,286
0,285
0,284
0,283
0,282
0,281
0,280
0,279
0,278
0,277
0,276
0,275
0,274
0,273
0,272
0,271
0,270
0,269
0,268
0,267
0,266
0,265
0,264
0,263
0,262
0,261
0,260
0,259
0,258
0,257
0,256
0,255
0,254
0,253
0,252
0,251
0,250
0,249
0,248
0,247
0,246
0,245
0,244
0,242
0,241
0,240
0,239
0,238
0,237
0,236
0,235
0,234
0,233
0,232
0,231
0,230
0,229
0,228
0,227
0,226
0,225
0,224
0,223
0,222
0,221
0,220
0,219
0,218
0,217
0,216
0,215
0,214
0,213
0,212
0,211
0,210
0,209
0,208
0,207
0,206
0,205
0,204
0,203
0,202
0,201
0,200
0,199
0,198
0,197
0,196
0,195
0,194
0,193
0,192
0,63
0,62
0,61
0,60
0,59
0,58
0,57
0,56
0,55
0,54
0,53
0,52
0,51
0,50
0,311
0,49
0,310
0,48
0,309
0,47
0,308
0,46
0,307
0,45
0,301
0,6
0,5
0,304
0,303
0,306
0,305
0,302
0,12
0,10
0,8
0,11
0,4
0,2
0,3
0,7
